precision:0.8819874578768683
recall:0.8574031890660592
acc:0.8709946848899014
f1:0.8690499102497654
AUC:0.9488257348417891
AUPR:0.9440943569753948
Matthews Correlation Coefficient:0.7430060073219302
