precision:0.8786217697729053
recall:0.8519362186788155
acc:0.8671222475322703
f1:0.8650732459521974
AUC:0.9454202361617745
AUPR:0.9422840969157079
Matthews Correlation Coefficient:0.7345833858250124
