precision:0.8645680819912153
recall:0.8967350037965072
acc:0.878132118451025
f1:0.8803578084234065
AUC:0.9517494778000898
AUPR:0.9450844897648256
Matthews Correlation Coefficient:0.7567882176731561
