precision:0.9043993231810491
recall:0.8116932422171602
acc:0.8629460895975702
f1:0.8555422168867547
AUC:0.9491798448995642
AUPR:0.9434254780408087
Matthews Correlation Coefficient:0.7297361243909753
