precision:0.8687643898695319
recall:0.8595292331055429
acc:0.8648443432042521
f1:0.8641221374045802
AUC:0.9415776058539431
AUPR:0.9381208042694797
Matthews Correlation Coefficient:0.7297299178907176
