precision:0.8935837245696401
recall:0.8671222475322703
acc:0.8819286256643888
f1:0.8801541425818883
AUC:0.9562015094935742
AUPR:0.9515569158861517
Matthews Correlation Coefficient:0.7641923908297898
