precision:0.8589018133888677
recall:0.9047704122777633
acc:0.8778672869507428
f1:0.8807778470535794
AUC:0.9434163347849281
AUPR:0.9302883725971137
Matthews Correlation Coefficient:0.757741384127344
