precision:0.8616780045351474
recall:0.9476309226932669
acc:0.8977556109725686
f1:0.9026128266033255
AUC:0.9564306192125671
AUPR:0.948073629736601
Matthews Correlation Coefficient:0.7994987468671679
