precision:0.8797953964194374
recall:0.85785536159601
acc:0.8703241895261845
f1:0.8686868686868687
AUC:0.9362503964527584
AUPR:0.9215013545691888
Matthews Correlation Coefficient:0.7408787862039714
