precision:0.8363636363636363
recall:0.9177057356608479
acc:0.8690773067331671
f1:0.8751486325802615
AUC:0.9377429244843004
AUPR:0.9241157250578103
Matthews Correlation Coefficient:0.7416706405309672
