precision:0.8723897911832946
recall:0.9353233830845771
acc:0.8991282689912827
f1:0.9027611044417766
AUC:0.954361608416769
AUPR:0.93834788463389
Matthews Correlation Coefficient:0.8003288672425218
