precision:0.8442822384428224
recall:0.8653366583541147
acc:0.8530510585305106
f1:0.8546798029556649
AUC:0.9322961253582461
AUPR:0.9194032689880787
Matthews Correlation Coefficient:0.7063298797920914
