precision:0.8582218785779677
recall:0.916789920238196
acc:0.8820790843376415
f1:0.8860700234658614
AUC:0.9449696856015863
AUPR:0.9274730720468091
Matthews Correlation Coefficient:0.7668677270752694
