precision:0.8577878103837472
recall:0.9359605911330049
acc:0.8903940886699507
f1:0.8951707891637221
AUC:0.9509027154262418
AUPR:0.9398407746082892
Matthews Correlation Coefficient:0.784050824812837
