precision:0.8400900900900901
recall:0.9164619164619164
acc:0.8708487084870848
f1:0.8766157461809634
AUC:0.9342479514893308
AUPR:0.9046047705918726
Matthews Correlation Coefficient:0.7447603211723929
