precision:0.8620689655172413
recall:0.9236453201970444
acc:0.8879310344827587
f1:0.8917954815695601
AUC:0.9435074862287364
AUPR:0.9251398077699708
Matthews Correlation Coefficient:0.7778489149049013
