precision:0.8967254408060453
recall:0.8768472906403941
acc:0.8880688806888068
f1:0.8866749688667497
AUC:0.9497040703937255
AUPR:0.9396002595306058
Matthews Correlation Coefficient:0.7763216327058664
