precision:0.8344370860927153
recall:0.9310344827586207
acc:0.8731527093596059
f1:0.8800931315483119
AUC:0.9464862044698973
AUPR:0.9281797477333071
Matthews Correlation Coefficient:0.7513569417803494
