precision:0.8640019122188776
recall:0.8938053097345133
acc:0.8743362831858408
f1:0.8765706098318745
AUC:0.9443426353756058
AUPR:0.934944543184591
Matthews Correlation Coefficient:0.7530940472837464
