precision:0.8914373088685015
recall:0.859882005899705
acc:0.8775811209439528
f1:0.8753753753753754
AUC:0.9434829143498578
AUPR:0.9403372376186844
Matthews Correlation Coefficient:0.7556358092257492
