precision:0.8035264483627204
recall:0.9410029498525073
acc:0.855457227138643
f1:0.8668478260869565
AUC:0.9286074781806634
AUPR:0.9130246614716174
Matthews Correlation Coefficient:0.7215536521924631
