precision:0.890190336749634
recall:0.8967551622418879
acc:0.8930678466076696
f1:0.893460690668626
AUC:0.9544078105829222
AUPR:0.9457278395906281
Matthews Correlation Coefficient:0.7861570711554098
