precision:0.832258064516129
recall:0.9513274336283186
acc:0.8797935103244838
f1:0.8878183069511355
AUC:0.9465502388597384
AUPR:0.9381840729611772
Matthews Correlation Coefficient:0.7674821996417739
