precision:0.9025974025974026
recall:0.8200589970501475
acc:0.8657817109144543
f1:0.8593508500772797
AUC:0.9486647349048476
AUPR:0.9374489042808477
Matthews Correlation Coefficient:0.7346415042033356
